[1,["fcGkaQCFVJ3ZXRqgR/2tbQ","12Y9dMgWdJKJGmTiZyQR9H@a804a","8f6HkzQBtNBJMcoQPqFRLR@97cd9","8f6HkzQBtNBJMcoQPqFRLR@4cc33","8f6HkzQBtNBJMcoQPqFRLR@5010d","8f6HkzQBtNBJMcoQPqFRLR@26dfd","8f6HkzQBtNBJMcoQPqFRLR@e71ec","eev872FehATItMJ7FZdP41","495/jwnulPnr7WOcCciKou@ca497","12Y9dMgWdJKJGmTiZyQR9H@17020","50LV9K7PtGp5exmIye2Xca@1efe6","50LV9K7PtGp5exmIye2Xca@30732","50LV9K7PtGp5exmIye2Xca@a11d0","50LV9K7PtGp5exmIye2Xca@f1394","0511Y58epP7Yx/aRblqtCW@6c48a","fch7U1/PNNXJS5w0uuLuGE","a1Q7wYi6tBV6l9B7SlXmn+","f2ivp4kydIv4qwuR8YZX8C","8f6HkzQBtNBJMcoQPqFRLR@1efe6","8f6HkzQBtNBJMcoQPqFRLR@30732","8f6HkzQBtNBJMcoQPqFRLR@a11d0","8f6HkzQBtNBJMcoQPqFRLR@f1394","50LV9K7PtGp5exmIye2Xca@5571d","495/jwnulPnr7WOcCciKou@65f95","495/jwnulPnr7WOcCciKou@57c63","495/jwnulPnr7WOcCciKou@1e8e0","495/jwnulPnr7WOcCciKou@a0f8c","495/jwnulPnr7WOcCciKou@14e91","495/jwnulPnr7WOcCciKou@5bbb4","495/jwnulPnr7WOcCciKou@bbe69","495/jwnulPnr7WOcCciKou@be633","92fWt7FztHB66sV8d1nQ6Q","acx8PMx6pNYJvKsxtjXAvN","d0MqyYBeFAkIi762QNy1/B@b47c0","6fAc9/gb9Kfr1dCvwZaWSA@b47c0","d1NGQ2rJZCcbhjH0/erZWw","26suOdwp9IVJHTlFTDALPf@38502","f23MzzBwlBAKtovd0upGMV@73fee","a46oFiK8VH5a7bKUBEjK7g@2b872"],["_parent","node","_mesh","_skeleton","to","from","root","graph","_effectAsset","target","ik","asset","clip","_particleSystem","_cpuMaterial","_mainTexture","data","scene","_defaultClip","_envmapHDR","_envmapLDR","mainTexture","_anyState","_exitState","_entryState"],[["cc.Node",["_name","_id","_active","_objFlags","__editorExtras__","_parent","_components","_lpos","_lrot","_euler","_children","_lscale","_prefab"],-2,1,9,5,5,5,2,5,4],["cc.Node",["_name","_active","_id","_children","_parent","_lpos","_lrot","_euler","_components","_lscale"],0,12,1,5,5,5,9,5],["cc.CurveRange",["mode","constantMin","constantMax","constant","spline"],-1,4],["cc.Node",["_name","_id","_active","_children","_components","_parent","_lpos"],0,2,12,1,5],["cc.Node",["_name","_parent","_children","_lpos","_lrot","_euler","_components"],2,1,9,5,5,5,2],["cc.MeshRenderer",["_name","node","_materials","bakeSettings","_mesh","__prefab"],2,1,3,4,6,4],["cc.Material",["_name","_states","_defines","_techIdx","_props"],-1,12],["adfa7JrNT5IuKAHSExYQS6b",["maxRootAngle","turnToTargetTime","useAnimatedAimDirection","node","ik","target"],0,1,1,1],["cc.SkinnedMeshRenderer",["_shadowCastingMode","_shadowReceivingMode","node","_materials","bakeSettings","_skinningRoot","_mesh","_skeleton"],1,1,3,4,1,6,6],["cc.GradientRange",["color"],3,5],["cc.animation.AnimationTransition",["from","to","conditions"],3,1,1,9],["cc.animation.UnaryCondition",["operator","operand"],2,4],["cc.Prefab",[],3],["cc.PrefabInfo",["fileId","instance","targetOverrides","nestedPrefabInstanceRoots","root","asset"],-1,1,1],["cc.PrefabInfo",["root","asset","fileId","instance","targetOverrides","nestedPrefabInstanceRoots"],-2,2],["cc.PrefabInfo",["fileId","targetOverrides","nestedPrefabInstanceRoots","root","instance","asset"],0,1,4,6],["cc.CompPrefabInfo",["fileId"],2],["cc.ModelBakeSettings",[],3],["cc.Mesh",["_native","_hash","_struct"],1,11],["cc.Skeleton",["_name","_hash","_joints","_bindposes"],0,12],["cc.SceneAsset",["_name"],2],["cc.Scene",["_name","_children","_prefab","_globals"],2,2,4,4],["cc.SceneGlobals",["ambient","shadows","_skybox","fog","octree","lightProbeInfo"],3,4,4,4,4,4,4],["cc.AmbientInfo",["_skyIllumHDR","_skyIllumLDR","_skyColorHDR","_skyColorLDR","_groundAlbedoLDR"],1,5,5,5],["cc.ShadowsInfo",["_shadowColor"],3,5],["cc.SkyboxInfo",["_enabled","_envmapHDR","_envmapLDR"],2,6,6],["cc.FogInfo",[],3],["cc.OctreeInfo",[],3],["cc.LightProbeInfo",[],3],["cc.animation.AnimationController",["node","graph"],3,1,6],["fbeacJjQuZEAbtmtlaKymUK",["node"],3,1],["cc.SkeletalAnimation",["_useBakedAnimation","node","_clips","_defaultClip"],2,1,3,6],["cc.TargetInfo",["localID"],2],["6da2brKURRDMIxhl+5NZ87v",["_enabled","maxPitch","minPitch","node"],0,1],["cc.Camera",["_visibility","node","_color"],2,1,5],["52b2fAWR29Md4fbcmUHQI+k",["node"],3,1],["cc.PrefabInstance",["fileId","prefabRootNode","propertyOverrides"],1,9],["CCPropertyOverrideInfo",["value","propertyPath","targetInfo"],1,1],["CCPropertyOverrideInfo",["propertyPath","targetInfo","value"],2,1,8],["CCPropertyOverrideInfo",["propertyPath","targetInfo","value"],2,4,8],["cc.DirectionalLight",["node","_color","_staticSettings"],3,1,5,4],["cc.StaticLightSettings",[],3],["df315rKC7tE5alpkOkPqTOP",["node","anim","targetRoot","ikNode","target"],3,1,1,1,1,1],["4022do3adVMFotSYiH8nDlE",["boneWeights","node","rootNode","aimNode","boneNodes"],2,1,1,1,2],["cc.ParticleSystem",["duration","loop","node","_materials","startColor","startSizeX","startSizeY","startSizeZ","startSpeed","startRotationX","startRotationY","startRotationZ","startDelay","startLifetime","gravityModifier","rateOverTime","rateOverDistance","bursts","_colorOverLifetimeModule","_shapeModule","_sizeOvertimeModule","_velocityOvertimeModule","_forceOvertimeModule","_limitVelocityOvertimeModule","_rotationOvertimeModule","_textureAnimationModule","_noiseModule","_trailModule","renderer"],1,1,3,4,4,4,4,4,4,4,4,4,4,4,4,4,9,4,4,4,4,4,4,4,4,4,4,4],["cc.Burst",["count"],3,4],["cc.ColorOvertimeModule",["color"],3,4],["cc.ShapeModule",["_enable","radius","_angle","arcSpeed"],0,4],["cc.SizeOvertimeModule",["size","x","y","z"],3,4,4,4,4],["cc.VelocityOvertimeModule",["x","y","z","speedModifier"],3,4,4,4,4],["cc.ForceOvertimeModule",["x","y","z"],3,4,4,4],["cc.LimitVelocityOvertimeModule",["limitX","limitY","limitZ","limit"],3,4,4,4,4],["cc.RotationOvertimeModule",["x","y","z"],3,4,4,4],["cc.TextureAnimationModule",["frameOverTime","startFrame"],3,4,4],["cc.RealCurve",["_times","_values"],2,9],["cc.RealKeyframeValue",["interpolationMode","value"],1],["cc.NoiseModule",[],3],["cc.TrailModule",["lifeTime","widthRatio","colorOverTrail","colorOvertime","_particleSystem"],3,4,4,4,4,1],["cc.ParticleSystemRenderer",["_renderMode","_lengthScale","_cpuMaterial","_mainTexture"],1,6,6],["cc.animation.AnimationGraph",["_layers","_variables"],3,9,11],["cc.animation.Layer",["_stateMachine"],3,4],["cc.animation.StateMachine",["_states","_transitions","_entryState","_exitState","_anyState"],3,2,9,1,1,1],["cc.animation.BindableBoolean",["variable"],2],["cc.animation.TriggerCondition",["trigger"],2],["cc.animation.Transition",["from","to"],3,1,1],["cc.animation.PlainVariable",["_type","_value"],1],["cc.animation.TriggerVariable",[],3],["cc.animation.Motion",["name","motion"],2,4],["cc.animation.ClipMotion",["clip"],3,6],["cc.animation.State",["name"],2]],[[0,0,5,7,8,9,2],[0,0,5,10,7,8,9,2],[4,0,1,2,3,4,5,2],[2,1],[1,0,4,3,5,6,7,2],[17,1],[0,0,10,7,8,9,2],[1,0,3,5,6,7,2],[38,0,1,2,2],[2,3,2],[5,0,1,2,3,4,2],[0,0,5,6,7,2],[0,0,5,10,8,9,2],[8,2,3,4,5,6,7,1],[9,1],[0,0,5,2],[0,0,5,6,2],[4,0,1,2,2],[0,0,5,7,2],[29,0,1,1],[30,0,1],[32,0,2],[8,0,1,2,3,4,5,6,7,3],[55,0,1,3],[0,0,10,6,2],[0,0,5,10,2],[0,0,5,7,8,11,9,2],[0,3,4,5,12,3],[0,0,2,5,6,8,9,3],[1,0,4,3,2],[15,0,1,2,3,4,5,4],[36,0,1,2,3],[37,0,1,2,3],[43,0,1,2,3,4,2],[10,0,1,2,1],[67,0,1,2],[68,0,1],[69,0,2],[0,0,5,8,9,2],[0,0,1,5,6,7,8,11,9,3],[0,0,5,7,11,2],[0,0,5,6,8,9,2],[1,0,4,3,5,6,9,7,2],[4,0,1,6,3,2],[13,0,1,2,3,4,5,5],[18,0,1,2,3],[19,0,1,2,3,4],[6,0,1,2,4,4],[7,0,3,4,5,2],[42,0,1,2,3,4,1],[44,0,1,2,3,4,5,6,7,8,9,10,11,12,13,14,15,16,17,18,19,20,21,22,23,24,25,26,27,28,3],[9,0,1],[2,0,1,2,4],[2,0,4,2],[45,0,1],[46,0,1],[47,0,1,2,3,4],[48,0,1,2,3,1],[49,0,1,2,3,1],[50,0,1,2,1],[51,0,1,2,3,1],[52,0,1,2,1],[53,0,1,1],[54,0,1,2],[56,1],[57,0,1,2,3,4,1],[58,0,1,2,3,3],[62,0,2],[12,1],[0,0,10,12,2],[0,0,5,6,12,2],[0,0,1,5,10,7,11,3],[0,0,1,5,6,7,11,3],[0,0,5,10,6,7,8,9,2],[0,0,1,5,6,7,8,9,3],[0,0,1,5,6,8,9,3],[0,0,1,5,6,3],[0,0,2,1,5,6,4],[1,0,1,2,4,3,8,4],[1,0,1,3,8,3],[3,0,1,5,3,4,6,3],[3,0,2,1,5,3,4,6,4],[3,0,3,4,2],[14,0,1,2,3,4,5,6],[5,1,5,2,3,4,1],[16,0,2],[6,0,3,1,2,4,5],[20,0,2],[21,0,1,2,3,2],[22,0,1,2,3,4,5,1],[23,0,1,2,3,4,3],[24,0,1],[25,0,1,2,2],[26,1],[27,1],[28,1],[31,0,1,2,3,2],[7,0,1,2,3,4,5,4],[33,0,1,2,3,4],[34,0,1,2,2],[35,0,1],[39,0,1,2,2],[40,0,1,2,1],[41,1],[59,0,1,1],[60,0,1],[61,0,1,2,3,4,1],[10,0,1,1],[11,1,1],[11,0,1,2],[63,0,2],[64,0,1,1],[65,0,1,3],[66,1]],[[[[68],[69,"machine_gun_1",[-2],[44,"e8Qr1otTFbV5tJWLP+ZmnA",null,null,null,-1,0]],[70,"machine_gun_1",1,[[84,-3,[85,"2dT4Ij2I9bubiFwJbiC/Sn"],[0,1,2,3,4,5,6],[5],7]],[44,"2bIyJFGxVciIMY3jYQ2DVI",null,null,null,1,0]]],0,[0,6,1,0,-1,2,0,1,2,0,16,1,3],[0,0,0,0,0,0,0,0],[-1,-2,-3,-4,-5,-6,-7,2],[23,24,25,26,27,28,29,30]],[[[45,".bin",3202893849,[{"primitives":[{"primitiveMode":7,"jointMapIndex":0,"vertexBundelIndices":[0],"indexView":{"offset":626112,"length":165504,"count":41376,"stride":4}},{"primitiveMode":7,"jointMapIndex":0,"vertexBundelIndices":[1],"indexView":{"offset":1091136,"length":96816,"count":24204,"stride":4}},{"primitiveMode":7,"jointMapIndex":1,"vertexBundelIndices":[2],"indexView":{"offset":1341672,"length":44640,"count":11160,"stride":4}},{"primitiveMode":7,"jointMapIndex":1,"vertexBundelIndices":[3],"indexView":{"offset":1625856,"length":61800,"count":15450,"stride":4}}],"vertexBundles":[{"view":{"offset":0,"length":626112,"count":8696,"stride":72},"attributes":[{"name":"a_position","format":32,"isNormalized":false},{"name":"a_normal","format":32,"isNormalized":false},{"name":"a_texCoord","format":21,"isNormalized":false},{"name":"a_tangent","format":44,"isNormalized":false},{"name":"a_joints","format":42,"isNormalized":false},{"name":"a_weights","format":44,"isNormalized":false}]},{"view":{"offset":791616,"length":299520,"count":4160,"stride":72},"attributes":[{"name":"a_position","format":32,"isNormalized":false},{"name":"a_normal","format":32,"isNormalized":false},{"name":"a_texCoord","format":21,"isNormalized":false},{"name":"a_tangent","format":44,"isNormalized":false},{"name":"a_joints","format":42,"isNormalized":false},{"name":"a_weights","format":44,"isNormalized":false}]},{"view":{"offset":1187952,"length":153720,"count":2135,"stride":72},"attributes":[{"name":"a_position","format":32,"isNormalized":false},{"name":"a_normal","format":32,"isNormalized":false},{"name":"a_texCoord","format":21,"isNormalized":false},{"name":"a_tangent","format":44,"isNormalized":false},{"name":"a_joints","format":42,"isNormalized":false},{"name":"a_weights","format":44,"isNormalized":false}]},{"view":{"offset":1386312,"length":239544,"count":3327,"stride":72},"attributes":[{"name":"a_position","format":32,"isNormalized":false},{"name":"a_normal","format":32,"isNormalized":false},{"name":"a_texCoord","format":21,"isNormalized":false},{"name":"a_tangent","format":44,"isNormalized":false},{"name":"a_joints","format":42,"isNormalized":false},{"name":"a_weights","format":44,"isNormalized":false}]}],"jointMaps":[[0,1,2,3,4,5,6,7,8,9,10,11,12,13,14,15,16,17,18,19,20,21,22,23,24,25,26,27,28,29,30,31,32,33,34,35,36,37,38,39,40,41,42,43,44,45,46,47,48,49,50,51,52,53,54,55,58,59,60,62],[0,11,12,33,34,35,56,57,58,59,60,61,62]]},"minPosition",8,[1,-0.4996441602706909,-0.00543165160343051,-0.23837165534496307],"maxPosition",8,[1,0.5010083913803101,1.8107982873916626,0.14664395153522491]]],-1],0,0,[],[],[]],[[[46,"Skin-0",2593388294,["root/pelvis","root/pelvis/thigh_r","root/pelvis/thigh_r/calf_r","root/pelvis/thigh_r/calf_r/foot_r","root/pelvis/thigh_r/calf_r/foot_r/ball_r","root/pelvis/thigh_l","root/pelvis/thigh_l/calf_l","root/pelvis/thigh_l/calf_l/foot_l","root/pelvis/thigh_l/calf_l/foot_l/ball_l","root/pelvis/spine_01","root/pelvis/spine_01/spine_02","root/pelvis/spine_01/spine_02/spine_03","root/pelvis/spine_01/spine_02/spine_03/clavicle_r","root/pelvis/spine_01/spine_02/spine_03/clavicle_r/upperarm_r","root/pelvis/spine_01/spine_02/spine_03/clavicle_r/upperarm_r/upperarm_twist_01_r","root/pelvis/spine_01/spine_02/spine_03/clavicle_r/upperarm_r/lowerarm_r","root/pelvis/spine_01/spine_02/spine_03/clavicle_r/upperarm_r/lowerarm_r/lowerarm_twist_01_r","root/pelvis/spine_01/spine_02/spine_03/clavicle_r/upperarm_r/lowerarm_r/hand_r","root/pelvis/spine_01/spine_02/spine_03/clavicle_r/upperarm_r/lowerarm_r/hand_r/index_01_r","root/pelvis/spine_01/spine_02/spine_03/clavicle_r/upperarm_r/lowerarm_r/hand_r/index_01_r/index_02_r","root/pelvis/spine_01/spine_02/spine_03/clavicle_r/upperarm_r/lowerarm_r/hand_r/index_01_r/index_02_r/index_03_r","root/pelvis/spine_01/spine_02/spine_03/clavicle_r/upperarm_r/lowerarm_r/hand_r/thumb_01_r","root/pelvis/spine_01/spine_02/spine_03/clavicle_r/upperarm_r/lowerarm_r/hand_r/thumb_01_r/thumb_02_r","root/pelvis/spine_01/spine_02/spine_03/clavicle_r/upperarm_r/lowerarm_r/hand_r/thumb_01_r/thumb_02_r/thumb_03_r","root/pelvis/spine_01/spine_02/spine_03/clavicle_r/upperarm_r/lowerarm_r/hand_r/pinky_01_r","root/pelvis/spine_01/spine_02/spine_03/clavicle_r/upperarm_r/lowerarm_r/hand_r/pinky_01_r/pinky_02_r","root/pelvis/spine_01/spine_02/spine_03/clavicle_r/upperarm_r/lowerarm_r/hand_r/pinky_01_r/pinky_02_r/pinky_03_r","root/pelvis/spine_01/spine_02/spine_03/clavicle_r/upperarm_r/lowerarm_r/hand_r/ring_01_r","root/pelvis/spine_01/spine_02/spine_03/clavicle_r/upperarm_r/lowerarm_r/hand_r/ring_01_r/ring_02_r","root/pelvis/spine_01/spine_02/spine_03/clavicle_r/upperarm_r/lowerarm_r/hand_r/ring_01_r/ring_02_r/ring_03_r","root/pelvis/spine_01/spine_02/spine_03/clavicle_r/upperarm_r/lowerarm_r/hand_r/middle_01_r","root/pelvis/spine_01/spine_02/spine_03/clavicle_r/upperarm_r/lowerarm_r/hand_r/middle_01_r/middle_02_r","root/pelvis/spine_01/spine_02/spine_03/clavicle_r/upperarm_r/lowerarm_r/hand_r/middle_01_r/middle_02_r/middle_03_r","root/pelvis/spine_01/spine_02/spine_03/neck_01","root/pelvis/spine_01/spine_02/spine_03/neck_01/head1","root/pelvis/spine_01/spine_02/spine_03/clavicle_l","root/pelvis/spine_01/spine_02/spine_03/clavicle_l/upperarm_l","root/pelvis/spine_01/spine_02/spine_03/clavicle_l/upperarm_l/upperarm_twist_01_l","root/pelvis/spine_01/spine_02/spine_03/clavicle_l/upperarm_l/lowerarm_l","root/pelvis/spine_01/spine_02/spine_03/clavicle_l/upperarm_l/lowerarm_l/hand_l","root/pelvis/spine_01/spine_02/spine_03/clavicle_l/upperarm_l/lowerarm_l/hand_l/middle_01_l","root/pelvis/spine_01/spine_02/spine_03/clavicle_l/upperarm_l/lowerarm_l/hand_l/middle_01_l/middle_02_l","root/pelvis/spine_01/spine_02/spine_03/clavicle_l/upperarm_l/lowerarm_l/hand_l/middle_01_l/middle_02_l/middle_03_l","root/pelvis/spine_01/spine_02/spine_03/clavicle_l/upperarm_l/lowerarm_l/hand_l/ring_01_l","root/pelvis/spine_01/spine_02/spine_03/clavicle_l/upperarm_l/lowerarm_l/hand_l/ring_01_l/ring_02_l","root/pelvis/spine_01/spine_02/spine_03/clavicle_l/upperarm_l/lowerarm_l/hand_l/ring_01_l/ring_02_l/ring_03_l","root/pelvis/spine_01/spine_02/spine_03/clavicle_l/upperarm_l/lowerarm_l/hand_l/index_01_l","root/pelvis/spine_01/spine_02/spine_03/clavicle_l/upperarm_l/lowerarm_l/hand_l/index_01_l/index_02_l","root/pelvis/spine_01/spine_02/spine_03/clavicle_l/upperarm_l/lowerarm_l/hand_l/index_01_l/index_02_l/index_03_l","root/pelvis/spine_01/spine_02/spine_03/clavicle_l/upperarm_l/lowerarm_l/hand_l/thumb_01_l","root/pelvis/spine_01/spine_02/spine_03/clavicle_l/upperarm_l/lowerarm_l/hand_l/thumb_01_l/thumb_02_l","root/pelvis/spine_01/spine_02/spine_03/clavicle_l/upperarm_l/lowerarm_l/hand_l/thumb_01_l/thumb_02_l/thumb_03_l","root/pelvis/spine_01/spine_02/spine_03/clavicle_l/upperarm_l/lowerarm_l/hand_l/pinky_01_l","root/pelvis/spine_01/spine_02/spine_03/clavicle_l/upperarm_l/lowerarm_l/hand_l/pinky_01_l/pinky_02_l","root/pelvis/spine_01/spine_02/spine_03/clavicle_l/upperarm_l/lowerarm_l/hand_l/pinky_01_l/pinky_02_l/pinky_03_l","root/pelvis/spine_01/spine_02/spine_03/clavicle_l/upperarm_l/lowerarm_l/lowerarm_twist_01_l","root/pelvis/spine_01/spine_02/spine_03/neck_01/head1/hair1/hair2/hair3/hair4/hair5/hair6/hair7","root/pelvis/spine_01/spine_02/spine_03/neck_01/head1/hair1/hair2/hair3/hair4/hair5/hair6","root/pelvis/spine_01/spine_02/spine_03/neck_01/head1/hair1/hair2/hair3/hair4/hair5","root/pelvis/spine_01/spine_02/spine_03/neck_01/head1/hair1/hair2/hair3/hair4","root/pelvis/spine_01/spine_02/spine_03/neck_01/head1/hair1/hair2/hair3","root/pelvis/spine_01/spine_02/spine_03/neck_01/head1/hair1/hair2","root/pelvis/spine_01/spine_02/spine_03/neck_01/head1/hair1"],[[[7,1.1472373273591074e-7,3.0077700330366497e-7,-1,0,0.9999930262565613,0.003657170105725527,1.1582299919155048e-7,0,0.003657170105725527,-0.9999930262565613,-3.003555093528121e-7,0,-1.0243059396743774,-0.014307130128145218,-6.298159860307351e-7,1],[7,-0.08715584874153137,-0.14724700152873993,-0.9852519631385803,0,-0.9957510232925415,-0.01662830077111721,0.09056970477104187,0,-0.02971918322145939,0.9889600276947021,-0.14517207443714142,0,1.0053534507751465,0.00822083093225956,-0.1755470484495163,1],[7,-0.06856124103069305,-0.07030440866947174,-0.9951670169830322,0,-0.9863030314445496,-0.14522500336170197,0.07821010053157806,0,-0.15002159774303436,0.9868980050086975,-0.05938462167978287,0,0.5104280710220337,0.08561308681964874,-0.16899384558200836,1],[7,0.04523320496082306,-0.061424799263477325,-0.9970859885215759,0,-0.9987519979476929,-0.02394239977002144,-0.04383379966020584,0,-0.02118014544248581,0.997825026512146,-0.062431082129478455,0,0.13779950141906738,0.07175619155168533,-0.15334321558475494,1],[7,0.061424825340509415,0.010408096015453339,-0.9980570077896118,0,0.023942485451698303,-0.9996730089187622,-0.008951420895755291,0,-0.997825026512146,-0.02334611862897873,-0.06165389344096184,0,0.09402201324701309,0.027916742488741875,-0.15360957384109497,1],[7,-0.08715565502643585,-0.14724700152873993,-0.9852519631385803,0,0.9957510232925415,0.01662830077111721,-0.09056950360536575,0,0.02971915528178215,-0.9889600276947021,0.14517207443714142,0,-1.005353569984436,-0.008220920339226723,0.1755468249320984,1],[7,-0.06856115907430649,-0.07030370831489563,-0.9951670169830322,0,0.9863030910491943,0.14522500336170197,-0.07820990681648254,0,0.15002155303955078,-0.9868980050086975,0.05938394367694855,0,-0.5104284286499023,-0.08561421930789948,0.1689920872449875,1],[7,0.04523349925875664,-0.06142419949173927,-0.9970859885215759,0,0.9987519979476929,0.023942500352859497,0.043834101408720016,0,0.021180255338549614,-0.997825026512146,0.0624304935336113,0,-0.13780131936073303,-0.07175848633050919,0.15334150195121765,1],[7,0.06142425164580345,0.010405927896499634,-0.9980570077896118,0,-0.02394241839647293,0.9996730089187622,0.008949266746640205,0,0.997825026512146,0.02334619127213955,0.061653267592191696,0,-0.09402046352624893,-0.027918053790926933,0.15360762178897858,1],[7,8.753216320656065e-7,0.0000011116700306956773,-1,0,0.9917539954185486,0.12815499305725098,0.0000010105701448992477,0,0.12815499305725098,-0.9917539954185486,-9.903267255140236e-7,0,-1.0841890573501587,-0.1473303586244583,-0.0000015959301435941597,1],[7,-0.0000014836932678008452,4.287133776870178e-7,-1,0,0.9931700229644775,-0.11667200177907944,-0.000001523579953754961,0,-0.11667200177907944,-0.9931700229644775,-2.5268005288126005e-7,0,-1.2607438564300537,0.13284076750278473,0.000001607680019333202,1],[7,-0.0000014611604228775832,5.001550675842736e-7,-1,0,0.9863449931144714,-0.16469399631023407,-0.000001523579953754961,0,-0.16469399631023407,-0.9863449931144714,-2.526809623759618e-7,0,-1.3869386911392212,0.19612015783786774,0.000001607680019333202,1],[7,0.9563050270080566,-0.27693799138069153,0.09373971819877625,0,0.10487539321184158,0.02564109116792679,-0.9941549897193909,0,0.27291569113731384,0.9605460166931152,0.0535646453499794,0,-0.13647101819515228,-0.02682134322822094,1.5194389820098877,1],[7,0.5165572166442871,0.016218911856412888,0.856099009513855,0,0.8544368743896484,0.055319491773843765,-0.5166019797325134,0,-0.0557377003133297,0.9983369708061218,0.014717641286551952,0,-1.2235453128814697,-0.02021973766386509,0.9137396812438965,1],[7,0.5165565609931946,-0.27688199281692505,0.810249924659729,0,0.8544372320175171,0.2282790094614029,-0.4667179584503174,0,-0.05573730915784836,0.9333940148353577,0.35449716448783875,0,-1.2185468673706055,-0.33080190420150757,0.8519972562789917,1],[7,0.4817109704017639,0.18721400201320648,0.8560990691184998,0,0.7873149514198303,0.33653900027275085,-0.5166018605232239,0,-0.38482609391212463,0.922872006893158,0.014718132093548775,0,-0.9020575284957886,-0.3296191394329071,0.9065005779266357,1],[7,0.4817109704017639,0.18721400201320648,0.8560990691184998,0,0.7873149514198303,0.33653900027275085,-0.5166018605232239,0,-0.38482609391212463,0.922872006893158,0.014718132093548775,0,-0.7620574235916138,-0.3296191990375519,0.9065008163452148,1],[7,0.4817104935646057,-0.778473973274231,0.4024101793766022,0,0.787314772605896,0.5861020088195801,0.19136486947536469,0,-0.3848258852958679,0.22464105486869812,0.8952349424362183,0,-0.6323047280311584,-0.9609246850013733,-0.08376774936914444,1],[7,0.4448045790195465,-0.8205011487007141,0.3590637445449829,0,0.7676404714584351,0.5557908415794373,0.31910017132759094,0,-0.4613865613937378,0.1336946040391922,0.877068042755127,0,-0.5235781073570251,-0.9284698367118835,-0.24434681236743927,1],[7,0.2955687344074249,-0.8852748870849609,0.35906386375427246,0,0.8524900078773499,0.41404810547828674,0.3191000521183014,0,-0.43116116523742676,0.21178226172924042,0.877068042755127,0,-0.640049934387207,-0.8283856511116028,-0.24439096450805664,1],[7,0.2955687344074249,-0.8852748870849609,0.35906386375427246,0,0.8524900078773499,0.41404810547828674,0.3191000521183014,0,-0.43116116523742676,0.21178226172924042,0.877068042755127,0,-0.6165118217468262,-0.8266471028327942,-0.24420753121376038,1],[7,-0.08374592661857605,-0.8955449461936951,0.4370189905166626,0,0.6459514498710632,0.2851521074771881,0.7081210017204285,0,-0.7587715983390808,0.3415950834751129,0.5545979738235474,0,-0.6569572687149048,-0.6805139780044556,-0.5916277766227722,1],[7,-0.08374592661857605,-0.8955449461936951,0.4370189905166626,0,0.6459514498710632,0.2851521074771881,0.7081210017204285,0,-0.7587715983390808,0.3415950834751129,0.5545979738235474,0,-0.6182615160942078,-0.6805151700973511,-0.5916279554367065,1],[7,-0.08374592661857605,-0.8955449461936951,0.4370189905166626,0,0.6459514498710632,0.2851521074771881,0.7081210017204285,0,-0.7587715983390808,0.3415950834751129,0.5545979738235474,0,-0.5872665643692017,-0.6805152297019958,-0.5916277766227722,1],[7,0.49776747822761536,-0.8657389879226685,-0.05218388885259628,0,0.8668897151947021,0.4947510063648224,0.06101929396390915,0,-0.027008740231394768,-0.07561105489730835,0.9967719912528992,0,-0.6370142698287964,-0.8800073862075806,-0.12539325654506683,1],[7,0.49776747822761536,-0.8657389879226685,-0.05218388885259628,0,0.8668897151947021,0.4947510063648224,0.06101929396390915,0,-0.027008740231394768,-0.07561105489730835,0.9967719912528992,0,-0.6052402257919312,-0.8800065517425537,-0.12539322674274445,1],[7,0.49776747822761536,-0.8657389879226685,-0.05218388885259628,0,0.8668897151947021,0.4947510063648224,0.06101929396390915,0,-0.027008740231394768,-0.07561105489730835,0.9967719912528992,0,-0.5867740511894226,-0.8800099492073059,-0.12539295852184296,1],[7,0.4702231287956238,-0.882157027721405,-0.026263991370797157,0,0.8795409202575684,0.46595901250839233,0.09638699889183044,0,-0.07279054075479507,-0.06842367351055145,0.9949970245361328,0,-0.6587665677070618,-0.8600360751152039,-0.16965793073177338,1],[7,0.4702231287956238,-0.882157027721405,-0.026263991370797157,0,0.8795409202575684,0.46595901250839233,0.09638699889183044,0,-0.07279054075479507,-0.06842367351055145,0.9949970245361328,0,-0.6187665462493896,-0.8600371479988098,-0.1696578860282898,1],[7,0.4702231287956238,-0.882157027721405,-0.026263991370797157,0,0.8795409202575684,0.46595901250839233,0.09638699889183044,0,-0.07279054075479507,-0.06842367351055145,0.9949970245361328,0,-0.5907665491104126,-0.8600374460220337,-0.16965797543525696,1],[7,0.43387386202812195,-0.8691861033439636,0.23720897734165192,0,0.8643820285797119,0.47583693265914917,0.16255101561546326,0,-0.25416016578674316,0.1345125138759613,0.9577620029449463,0,-0.6440050005912781,-0.8781372904777527,-0.12985113263130188,1],[7,0.43387386202812195,-0.8691861033439636,0.23720897734165192,0,0.8643820285797119,0.47583693265914917,0.16255101561546326,0,-0.25416016578674316,0.1345125138759613,0.9577620029449463,0,-0.6008225679397583,-0.8797062635421753,-0.1297048032283783,1],[7,0.43387386202812195,-0.8691861033439636,0.23720897734165192,0,0.8643820285797119,0.47583693265914917,0.16255101561546326,0,-0.25416016578674316,0.1345125138759613,0.9577620029449463,0,-0.5771967172622681,-0.8777152299880981,-0.130280539393425,1],[7,8.574481284995272e-7,-3.904749803496088e-7,-1,0,0.97017902135849,0.24239100515842438,7.372300387942232e-7,0,0.24239100515842438,-0.97017902135849,5.866679089194804e-7,0,-1.503325343132019,-0.436145156621933,-0.0000020166501144558424,1],[7,-0.000002907501311710803,-4.1137195694318507e-7,-1,0,0.9997349977493286,-0.023040499538183212,-0.0000028972499421797693,0,-0.023040499538183212,-0.9997349977493286,4.782527867064346e-7,0,-1.6556402444839478,-0.0016298199770972133,0.000004007789812021656,1],[7,0.9563049674034119,-0.27693700790405273,0.09373673051595688,0,-0.10486922413110733,-0.025630736723542213,0.994156002998352,0,-0.2729159891605377,-0.9605460166931152,-0.05355300009250641,0,0.13646116852760315,0.026805583387613297,-1.5194400548934937,1],[7,0.5165587663650513,0.01621958799660206,0.8560979962348938,0,-0.8544361591339111,-0.05530780553817749,0.5166040062904358,0,0.05572798103094101,-0.998337984085083,-0.014711127616465092,0,1.2235465049743652,0.02020198293030262,-0.9137395620346069,1],[7,0.5165587663650513,0.01621938869357109,0.8560979962348938,0,-0.8544360995292664,-0.05530770868062973,0.5166040062904358,0,0.05572779104113579,-0.998337984085083,-0.014711246825754642,0,1.218546748161316,0.020201953127980232,-0.9137389659881592,1],[7,0.4817119240760803,0.18721599876880646,0.8560979962348938,0,-0.7873178720474243,-0.3365280032157898,0.5166040062904358,0,0.38481733202934265,-0.9228760004043579,-0.014711037278175354,0,0.9020636677742004,0.3296040892601013,-0.9064982533454895,1],[7,0.4817120432853699,-0.7784720659255981,0.4024110436439514,0,-0.7873178124427795,-0.5861009359359741,-0.1913539618253708,0,0.3848172724246979,-0.22464781999588013,-0.8952369689941406,0,0.6323121190071106,0.960917592048645,0.08375409990549088,1],[7,0.43387675285339355,-0.8691851496696472,0.23720994591712952,0,-0.8643831014633179,-0.47583889961242676,-0.1625390350818634,0,0.2541501522064209,-0.13451848924160004,-0.9577640295028687,0,0.644008457660675,0.878136157989502,0.12984006106853485,1],[7,0.43387675285339355,-0.8691851496696472,0.23720994591712952,0,-0.8643831014633179,-0.47583889961242676,-0.1625390350818634,0,0.2541501522064209,-0.13451848924160004,-0.9577640295028687,0,0.6008260846138,0.8797052502632141,0.12969417870044708,1],[7,0.43387675285339355,-0.8691851496696472,0.23720994591712952,0,-0.8643831014633179,-0.47583889961242676,-0.1625390350818634,0,0.2541501522064209,-0.13451848924160004,-0.9577640295028687,0,0.577200174331665,0.8777142763137817,0.13027016818523407,1],[7,0.4702262878417969,-0.8821550011634827,-0.026263177394866943,0,-0.8795398473739624,-0.4659630060195923,-0.09637539088726044,0,0.07278033345937729,0.06841771304607391,-0.9949989914894104,0,0.6587676405906677,0.8600372076034546,0.1696464568376541,1],[7,0.4702262878417969,-0.8821550011634827,-0.026263177394866943,0,-0.8795398473739624,-0.4659630060195923,-0.09637539088726044,0,0.07278033345937729,0.06841771304607391,-0.9949989914894104,0,0.6187676787376404,0.8600382804870605,0.16964684426784515,1],[7,0.4702262878417969,-0.8821550011634827,-0.026263177394866943,0,-0.8795398473739624,-0.4659630060195923,-0.09637539088726044,0,0.07278033345937729,0.06841771304607391,-0.9949989914894104,0,0.5907676815986633,0.8600385785102844,0.1696472018957138,1],[7,0.4448069632053375,-0.8204989433288574,0.3590649962425232,0,-0.7676439881324768,-0.5557920336723328,-0.31908899545669556,0,0.4613780975341797,-0.13370107114315033,-0.8770710229873657,0,0.5235832333564758,0.9284688830375671,0.24433666467666626,1],[7,0.2955707609653473,-0.8852736949920654,0.35906529426574707,0,-0.852493941783905,-0.4140482544898987,-0.319088876247406,0,0.4311515986919403,-0.21178773045539856,-0.8770709037780762,0,0.6400559544563293,0.8283836245536804,0.24438124895095825,1],[7,0.2955707609653473,-0.8852736949920654,0.35906529426574707,0,-0.852493941783905,-0.4140482544898987,-0.319088876247406,0,0.4311515986919403,-0.21178773045539856,-0.8770709037780762,0,0.6165178418159485,0.8266452550888062,0.24419806897640228,1],[7,-0.08374428004026413,-0.8955441117286682,0.4370211660861969,0,-0.6459603309631348,-0.28515082597732544,-0.7081129550933838,0,0.7587637305259705,-0.34159886837005615,-0.5546059608459473,0,0.6569666266441345,0.6805095672607422,0.5916213393211365,1],[7,-0.08374428004026413,-0.8955441117286682,0.4370211660861969,0,-0.6459603309631348,-0.28515082597732544,-0.7081129550933838,0,0.7587637305259705,-0.34159886837005615,-0.5546059608459473,0,0.6182700395584106,0.6805097460746765,0.5916208028793335,1],[7,-0.08374428004026413,-0.8955441117286682,0.4370211660861969,0,-0.6459603309631348,-0.28515082597732544,-0.7081129550933838,0,0.7587637305259705,-0.34159886837005615,-0.5546059608459473,0,0.5872758626937866,0.6805112957954407,0.591621994972229,1],[7,0.49776968359947205,-0.8657379746437073,-0.052183207124471664,0,-0.8668891787528992,-0.49475398659706116,-0.06100780516862869,0,0.026998938992619514,0.0756048932671547,-0.9967719912528992,0,0.6370165944099426,0.8800084590911865,0.12538179755210876,1],[7,0.49776968359947205,-0.8657379746437073,-0.052183207124471664,0,-0.8668891787528992,-0.49475398659706116,-0.06100780516862869,0,0.026998938992619514,0.0756048932671547,-0.9967719912528992,0,0.6052425503730774,0.8800075650215149,0.12538208067417145,1],[7,0.49776968359947205,-0.8657379746437073,-0.052183207124471664,0,-0.8668891787528992,-0.49475398659706116,-0.06100780516862869,0,0.026998938992619514,0.0756048932671547,-0.9967719912528992,0,0.5867763161659241,0.8800109624862671,0.12538199126720428,1],[7,0.4817119240760803,0.18721599876880646,0.8560979962348938,0,-0.7873178720474243,-0.3365280032157898,0.5166040062904358,0,0.38481733202934265,-0.9228760004043579,-0.014711037278175354,0,0.7620636224746704,0.3296041488647461,-0.9064981341362,1],[7,6.048640438774787e-17,5.1703681885068093e-17,1,0,-0.9878180027008057,0.15561500191688538,5.170367195890074e-17,0,-0.15561500191688538,-0.9878180027008057,6.048639777030297e-17,0,1.3162453174591064,-0.4015166163444519,-5.885503878367079e-17,1],[7,5.786890714460957e-17,4.1217586051627266e-17,1,0,-0.9450709819793701,0.3268660008907318,4.1217576125459916e-17,0,-0.3268660008907318,-0.9450709819793701,5.786889390971977e-17,0,1.2739146947860718,-0.6266807317733765,-4.7889753912655546e-17,1],[7,5.886154373200791e-17,4.4358734944625934e-17,1,0,-0.9612820148468018,0.2755669951438904,4.4358728327181034e-17,0,-0.2755669951438904,-0.9612820148468018,5.886153711456301e-17,0,1.3598461151123047,-0.5572625398635864,-5.5323166165249026e-17,1],[7,6.076556791831717e-17,5.368628822956989e-17,1,0,-0.992376983165741,0.12323600053787231,5.368630808190459e-17,0,-0.12323600053787231,-0.992376983165741,6.076558777065187e-17,0,1.483213186264038,-0.33974871039390564,-7.188850017919522e-17,1],[7,6.070433670065354e-17,5.3208237392518345e-17,1,0,-0.9913769960403442,0.13104400038719177,5.3208214231461194e-17,0,-0.13104400038719177,-0.9913769960403442,6.070430361342904e-17,0,1.5413124561309814,-0.35141322016716003,-7.486620480059831e-17,1],[7,5.560704462530987e-17,3.5595338689777843e-17,1,0,-0.908132016658783,0.4186840057373047,3.5595338689777843e-17,0,-0.4186840057373047,-0.908132016658783,5.560704462530987e-17,0,1.4269310235977173,-0.7919921875,-5.1156190889953946e-17,1],[7,5.1632273037147616e-17,2.831566291711102e-17,1,0,-0.843218982219696,0.5375699996948242,2.831566622583347e-17,0,-0.5375699996948242,-0.843218982219696,5.1632276345870066e-17,0,1.3688381910324097,-0.9772818088531494,-4.300384949721103e-17,1]],8,8,8,8,8,8,8,8,8,8,8,8,8,8,8,8,8,8,8,8,8,8,8,8,8,8,8,8,8,8,8,8,8,8,8,8,8,8,8,8,8,8,8,8,8,8,8,8,8,8,8,8,8,8,8,8,8,8,8,8,8,8,8]]],0,0,[],[],[]],[[[45,".bin",1589681887,[{"primitives":[{"primitiveMode":7,"vertexBundelIndices":[0],"indexView":{"offset":292824,"length":44460,"count":11115,"stride":4}}],"vertexBundles":[{"view":{"offset":0,"length":292824,"count":4067,"stride":72},"attributes":[{"name":"a_position","format":32,"isNormalized":false},{"name":"a_normal","format":32,"isNormalized":false},{"name":"a_texCoord","format":21,"isNormalized":false},{"name":"a_tangent","format":44,"isNormalized":false},{"name":"a_joints","format":42,"isNormalized":false},{"name":"a_weights","format":44,"isNormalized":false}]}]},"minPosition",8,[1,-0.03783285245299339,-0.06917634606361389,-0.30464527010917664],"maxPosition",8,[1,0.03783285245299339,0.1823776215314865,0.357725590467453]]],-1],0,0,[],[],[]],[[[46,"Skin-1",799790206,["root/ik_hand_root/gun_root"],[[[7,0.6666669845581055,4.2250374748288577e-13,5.37301160594833e-13,0,-4.2250374748288577e-13,0.6666669845581055,-6.020370833803579e-13,0,-5.37301160594833e-13,6.020370833803579e-13,0.6666669845581055,0,0,0,0,1]],8]]],0,0,[],[],[]],[[[47,"mat-target",[{"rasterizerState":{},"depthStencilState":{},"blendState":{"targets":[{}]}},{"rasterizerState":{},"depthStencilState":{},"blendState":{"targets":[{}]}},{"rasterizerState":{},"depthStencilState":{},"blendState":{"targets":[{}]}}],[{},{},{}],[[[{"roughness":0.5,"metallic":0},"mainColor",8,[4,4278237439]],{},{}],11,0,0]]],0,0,[0],[8],[16]],[[[87,"scene-ik"],[88,"scene-ik",[-3,-4,-5,-6,-7,-8,-9,-10,-11,-12,-13],[83,null,null,"b3ab5aca-7e74-4d54-a93c-be10d3912ffb",null,[],[-1,-2]],[89,[90,100000,0.8,[2,0.7098039215686275,0.8509803921568627,0.9921568627450981,2.604165625],[2,0.452588,0.607642,0.755699,0],[2,0.618555,0.577848,0.544564,0]],[91,[4,4283190348]],[92,true,82,83],[93],[94],[95]]],[71,"targetRoot","54lLwgbpZPaJTIBo59AQnB",1,[-14,-15,-16,-17,-18,-19,-20,-21],[1,0,0,2.15],[1,0.2,0.2,0.2]],[24,"animation_view",[-24,-25,-26],[[19,-22,28],[20,-23]]],[78,"actor-player-tps",false,"49gbTOtLNEUpw14xr006yn",1,[[-29,-30,-31,[18,"LookAt",-32,[1,0,1.561,0]]],1,1,1,4],[[19,-27,43],[20,-28]]],[79,"actor-player-tps",false,[[-35,-36,-37,[18,"LookAt",-38,[1,0,1.561,0]]],1,1,1,4],[[19,-33,56],[20,-34]]],[24,"animation_view",[-41,-42,-43],[[19,-39,81],[20,-40]]],[6,"hand_r",[-44,-45,-46,-47,-48,-49],[1,-0.2697526812553406,-5.838424499415851e-8,-5.860167675564298e-7],[3,-0.7287154051064746,-0.17707937599546894,0.15662353915731425,0.6427175273317193],[1,-97.18635562113448,0.04153761803666488,27.349063464342677]],[7,"hand_r",[[-50,-51,-52,-53,-54,[38,"shoot_direction",-55,[3,-0.4997203465390449,0,0,0.866186801593569],[1,-59.963,0,0]]],1,1,1,1,1,4],[1,-0.26975271105766296,-2.1601204380772288e-8,-4.778274274030991e-7],[3,-0.47485001111230696,0.11602254509047104,0.08280531529067704,0.8684466107579575],[1,-57.61371972514936,16.279161734575425,1.9276433758584748]],[7,"hand_r",[[-56,-57,-58,-59,-60,[38,"shoot_direction",-61,[3,-0.4997203465390449,0,0,0.866186801593569],[1,-59.963,0,0]]],1,1,1,1,1,4],[1,-0.26975271105766296,-2.1601204380772288e-8,-4.778274274030991e-7],[3,-0.47485001111230696,0.11602254509047104,0.08280531529067704,0.8684466107579575],[1,-57.61371972514936,16.279161734575425,1.9276433758584748]],[24,"animation_view",[-63,-64,-65],[[96,false,-62,[67],68]]],[6,"hand_r",[-66,-67,-68,-69,-70,-71],[1,-0.2697526812553406,-5.838424499415851e-8,-5.860167675564298e-7],[3,-0.7287154051064746,-0.17707937599546894,0.15662353915731425,0.6427175273317193],[1,-97.18635562113448,0.04153761803666488,27.349063464342677]],[6,"hand_r",[-72,-73,-74,-75,-76,-77],[1,-0.2697526812553406,-5.838424499415851e-8,-5.860167675564298e-7],[3,-0.7287154051064746,-0.17707937599546894,0.15662353915731425,0.6427175273317193],[1,-97.18635562113448,0.04153761803666488,27.349063464342677]],[80,"actor-player-tps","4elBqNOI5KcoAT4uCVdy7G",1,[3],[[-78,[48,20,-81,-80,-79]],1,4],[1,0,0,-2.969]],[6,"hand_l",[-82,-83,-84,-85,-86],[1,0.2697513699531555,6.109710426471793e-8,-3.103853032371262e-7],[3,0.9802585302941136,0.11591383139239099,-0.14134599353167393,0.07535587296359038],[1,169.37042732520217,17.519725932552433,11.885031456972271]],[6,"hand_l",[-87,-88,-89,-90,-91],[1,0.2697514593601227,-1.563809632898483e-7,-3.7291346188794705e-7],[3,-0.47824332730885133,0.1277214454090181,0.13552980298626735,0.8582553377461125],[1,-59.4064004902934,20.549486540443567,6.342668876833607]],[6,"hand_l",[-92,-93,-94,-95,-96],[1,0.2697514593601227,-1.563809632898483e-7,-3.7291346188794705e-7],[3,-0.47824332730885133,0.1277214454090181,0.13552980298626735,0.8582553377461125],[1,-59.4064004902934,20.549486540443567,6.342668876833607]],[6,"hand_l",[-97,-98,-99,-100,-101],[1,0.2697513699531555,6.109710426471793e-8,-3.103853032371262e-7],[3,0.9802585302941136,0.11591383139239099,-0.14134599353167393,0.07535587296359038],[1,169.37042732520217,17.519725932552433,11.885031456972271]],[6,"hand_l",[-102,-103,-104,-105,-106],[1,0.2697513699531555,6.109710426471793e-8,-3.103853032371262e-7],[3,0.9802585302941136,0.11591383139239099,-0.14134599353167393,0.07535587296359038],[1,169.37042732520217,17.519725932552433,11.885031456972271]],[6,"spine_03",[-107,-108,-109],[1,0.13407327234745026,0.004204802215099335,3.1044118387058006e-9],[3,0.02720967865686917,-0.03894815220293144,0.044880513088729035,0.9978619214962858],[1,3.32624444089016,-4.616182514290459,5.016899969179602]],[21,["e8Qr1otTFbV5tJWLP+ZmnA"]],[81,"player-animation",false,"7dZoiJLiVM0a3mEoQZtDYu",1,[-114],[[-110,[97,20,0.1,true,-113,-112,-111]],1,4],[1,0,0,-1.537]],[6,"spine_03",[-115,-116,-117],[1,0.13407327234745026,0.004204802215099335,3.1044118387058006e-9],[3,0.02720967865686917,-0.03894815220293144,0.044880513088729035,0.9978619214962858],[1,3.32624444089016,-4.616182514290459,5.016899969179602]],[21,["e8Qr1otTFbV5tJWLP+ZmnA"]],[6,"spine_03",[-118,-119,-120],[1,0.13407327234745026,0.004204802215099335,3.1044118387058006e-9],[3,0.02720967865686917,-0.03894815220293144,0.044880513088729035,0.9978619214962858],[1,3.32624444089016,-4.616182514290459,5.016899969179602]],[21,["e8Qr1otTFbV5tJWLP+ZmnA"]],[6,"pelvis",[-121,-122,-123],[1,-0.03519532084465027,0.03715160861611366,0.9731665849685669],[3,-0.14183420282796286,-0.7020312119896264,-0.14650895052625496,0.6823271676521668],[1,-23.532081672465072,-91.64033863900595,-0.045263663117884635]],[12,"root",3,[-124,26,-125],[3,-0.707106870593445,-3.821275999893523e-7,1.685875574683852e-7,0.7071066917795152],[1,-90.00001448901213,-0.000017302816956876753,0.00004462360795105931]],[39,"targetAim","eeOqPbcBtJQICT1pkYZXy+",1,[[10,"Sphere<ModelComponent>",-126,[17],[5],18]],[1,-0.269,1.588,2.655],[3,-0.017451003619979012,-0.013087789951024118,-0.00022818793501768362,0.9997620317641192],[1,0.3999999999684722,0.3999999999794487,0.4000000000520791],[1,-2.0000102002728926,-1.5000210264236737,0.000029958390396532176]],[72,"target-ball","f1Nl00l7FEFbMerkmujSIF",1,[[10,"Sphere<ModelComponent>",-127,[29],[5],30]],[1,0,0,2.459],[1,0.4,0.4,0.4]],[12,"root",4,[-128,-129,-130],[3,-0.707106870593445,-3.821275999893523e-7,1.685875574683852e-7,0.7071066917795152],[1,-90.00001448901213,-0.000017302816956876753,0.00004462360795105931]],[1,"pelvis",30,[-131,-132,-133],[1,-0.004266570322215557,0.10826615989208221,0.9610587954521179],[3,-0.13930533476551285,-0.696236056488098,-0.14679546285616576,0.6886947578111904],[1,-23.34705589041591,-90.72123158316445,-0.47073238745232004]],[6,"spine_03",[-134,-135,-136],[1,0.13407331705093384,0.0042048050090670586,8.753152869189762e-9],[3,0.014544073461740872,0.017566671558081132,0.027697840647338656,0.9993561485281336],[1,1.6125307673042573,1.9689967267151314,3.202840094045617]],[25,"model",21,[5,10]],[12,"root",5,[-137,-138,-139],[3,-0.707106870593445,-3.821275999893523e-7,1.685875574683852e-7,0.7071066917795152],[1,-90.00001448901213,-0.000017302816956876753,0.00004462360795105931]],[1,"pelvis",34,[-140,-141,-142],[1,-0.004266570322215557,0.10826615989208221,0.9610587954521179],[3,-0.13930533476551285,-0.696236056488098,-0.146